guitar 1 168 49 269
guitar 35 152 97 252
guitar 85 163 129 255
guitar 129 160 170 269
guitar 169 150 214 258
guitar 263 161 350 269
guitar 338 131 400 255
guitar 310 187 369 300
guitar 59 94 87 140
guitar 115 93 149 159
guitar 139 67 193 132
guitar 180 62 232 127
guitar 216 111 262 161
guitar 240 70 270 113
guitar 289 65 322 110
guitar 291 107 312 127
guitar 361 110 380 129
guitar 371 71 396 113
guitar 335 71 360 116
guitar 355 37 385 88
guitar 315 28 338 74
guitar 266 36 300 95
guitar 101 51 123 87
