ILSVRC/train/n02804123_1002.JPEG 126,157,418,356,0
ILSVRC/train/n02804123_101.JPEG 1,0,499,332,0
ILSVRC/train/n02804123_1043.JPEG 0,0,433,332,0
ILSVRC/train/n02804123_1047.JPEG 0,140,373,373,0
ILSVRC/train/n02804123_1052.JPEG 16,23,498,315,0
ILSVRC/train/n02804123_107.JPEG 0,148,499,374,0
ILSVRC/train/n02804123_1111.JPEG 68,72,176,460,0
ILSVRC/train/n02804123_1117.JPEG 50,77,314,393,0
ILSVRC/train/n02804123_1126.JPEG 110,23,241,463,0
ILSVRC/train/n02804123_1129.JPEG 163,13,232,250,0 106,126,171,342,0 162,293,242,496,0
ILSVRC/train/n02804123_1152.JPEG 0,0,499,339,0
ILSVRC/train/n02804123_1158.JPEG 51,67,178,359,0
ILSVRC/train/n02804123_1189.JPEG 2,0,399,299,0
ILSVRC/train/n02804123_1211.JPEG 65,172,201,317,0
ILSVRC/train/n02804123_1230.JPEG 0,9,499,373,0
ILSVRC/train/n02804123_1251.JPEG 10,103,331,272,0
ILSVRC/train/n02804123_1252.JPEG 15,142,482,303,0
ILSVRC/train/n02804123_1259.JPEG 7,289,355,498,0
ILSVRC/train/n02804123_1267.JPEG 27,32,469,438,0
ILSVRC/train/n02804123_1285.JPEG 29,0,239,378,0 369,255,406,337,0
ILSVRC/train/n02804123_1298.JPEG 42,7,175,473,0 220,7,358,487,0
ILSVRC/train/n02804123_130.JPEG 62,212,373,497,0
ILSVRC/train/n02804123_1302.JPEG 41,234,355,498,0
ILSVRC/train/n02804123_1311.JPEG 11,160,328,445,0
ILSVRC/train/n02804123_1340.JPEG 117,171,235,498,0 0,306,147,468,0
ILSVRC/train/n02804123_1346.JPEG 53,242,332,477,0
ILSVRC/train/n02804123_1348.JPEG 0,251,373,443,0
ILSVRC/train/n02804123_1362.JPEG 1,81,499,374,0
ILSVRC/train/n02804123_1364.JPEG 75,0,316,382,0
ILSVRC/train/n02804123_1381.JPEG 89,93,381,326,0
ILSVRC/train/n02804123_1454.JPEG 73,65,281,498,0
ILSVRC/train/n02804123_1495.JPEG 6,2,150,498,0
ILSVRC/train/n02804123_1503.JPEG 8,1,499,331,0
ILSVRC/train/n02804123_1540.JPEG 60,1,499,243,0
ILSVRC/train/n02804123_1546.JPEG 82,25,283,495,0
ILSVRC/train/n02804123_1560.JPEG 126,1,246,460,0
ILSVRC/train/n02804123_1568.JPEG 0,25,499,280,0
ILSVRC/train/n02804123_1584.JPEG 172,131,385,224,0 457,109,499,164,0
ILSVRC/train/n02804123_1597.JPEG 10,0,200,498,0 104,16,256,438,0
ILSVRC/train/n02804123_161.JPEG 0,37,499,374,0
ILSVRC/train/n02804123_1627.JPEG 29,10,499,326,0
ILSVRC/train/n02804123_165.JPEG 0,39,499,332,0
ILSVRC/train/n02804123_1698.JPEG 235,118,310,177,0 298,77,383,201,0
ILSVRC/train/n02804123_1765.JPEG 132,1,278,430,0
ILSVRC/train/n02804123_1771.JPEG 87,0,289,417,0
ILSVRC/train/n02804123_1776.JPEG 8,8,151,496,0
ILSVRC/train/n02804123_1785.JPEG 48,145,499,375,0
ILSVRC/train/n02804123_1803.JPEG 13,50,98,301,0 346,22,434,322,0
ILSVRC/train/n02804123_1817.JPEG 115,48,247,478,0
ILSVRC/train/n02804123_1846.JPEG 1,2,499,330,0
ILSVRC/train/n02804123_1858.JPEG 69,106,399,299,0
ILSVRC/train/n02804123_1864.JPEG 0,100,499,331,0
ILSVRC/train/n02804123_187.JPEG 4,4,449,223,0
ILSVRC/train/n02804123_1902.JPEG 143,115,499,332,0
ILSVRC/train/n02804123_1906.JPEG 40,45,263,458,0
ILSVRC/train/n02804123_1911.JPEG 126,137,463,346,0
ILSVRC/train/n02804123_1991.JPEG 130,66,323,313,0
ILSVRC/train/n02804123_1992.JPEG 0,49,490,368,0
ILSVRC/train/n02804123_2026.JPEG 90,136,363,427,0
ILSVRC/train/n02804123_2032.JPEG 11,0,331,442,0
ILSVRC/train/n02804123_2048.JPEG 174,129,466,217,0 27,175,391,282,0
ILSVRC/train/n02804123_205.JPEG 0,250,296,460,0
ILSVRC/train/n02804123_2058.JPEG 13,242,453,498,0
ILSVRC/train/n02804123_2068.JPEG 97,17,283,498,0
ILSVRC/train/n02804123_2075.JPEG 61,25,343,401,0
ILSVRC/train/n02804123_2085.JPEG 28,5,254,477,0
ILSVRC/train/n02804123_2086.JPEG 32,117,498,371,0
ILSVRC/train/n02804123_2087.JPEG 67,108,309,303,0
ILSVRC/train/n02804123_2102.JPEG 153,71,267,435,0
ILSVRC/train/n02804123_2108.JPEG 101,3,237,445,0
ILSVRC/train/n02804123_212.JPEG 121,30,257,483,0
ILSVRC/train/n02804123_2199.JPEG 12,12,151,493,0
ILSVRC/train/n02804123_222.JPEG 3,0,155,498,0
ILSVRC/train/n02804123_2389.JPEG 118,89,425,284,0
ILSVRC/train/n02804123_2394.JPEG 8,30,499,316,0
ILSVRC/train/n02804123_2432.JPEG 0,1,469,374,0
ILSVRC/train/n02804123_2435.JPEG 62,23,305,397,0
ILSVRC/train/n02804123_2441.JPEG 199,168,273,310,0
ILSVRC/train/n02804123_2456.JPEG 91,12,291,492,0
ILSVRC/train/n02804123_2464.JPEG 63,136,162,306,0
ILSVRC/train/n02804123_2498.JPEG 27,200,498,375,0
ILSVRC/train/n02804123_2623.JPEG 1,0,366,498,0
ILSVRC/train/n02804123_2639.JPEG 2,3,498,355,0
ILSVRC/train/n02804123_2650.JPEG 2,5,331,498,0
ILSVRC/train/n02804123_2684.JPEG 164,111,420,348,0
ILSVRC/train/n02804123_273.JPEG 3,0,335,497,0
ILSVRC/train/n02804123_2758.JPEG 80,140,498,362,0
ILSVRC/train/n02804123_2763.JPEG 116,1,338,441,0
ILSVRC/train/n02804123_2778.JPEG 35,12,325,498,0
ILSVRC/train/n02804123_2783.JPEG 212,192,301,456,0 121,167,199,463,0
ILSVRC/train/n02804123_2788.JPEG 2,29,493,252,0
ILSVRC/train/n02804123_2790.JPEG 0,12,482,331,0
ILSVRC/train/n02804123_286.JPEG 306,0,499,311,0 0,1,287,298,0
ILSVRC/train/n02804123_295.JPEG 0,0,499,332,0
ILSVRC/train/n02804123_3045.JPEG 115,8,468,332,0
ILSVRC/train/n02804123_3067.JPEG 0,0,433,322,0
ILSVRC/train/n02804123_307.JPEG 26,0,499,331,0
ILSVRC/train/n02804123_3088.JPEG 0,11,284,176,0
ILSVRC/train/n02804123_309.JPEG 298,180,426,296,0 23,199,255,354,0 409,215,499,305,0
ILSVRC/train/n02804123_317.JPEG 157,1,371,498,0
ILSVRC/train/n02804123_3193.JPEG 51,233,312,478,0
ILSVRC/train/n02804123_3211.JPEG 27,1,321,461,0
ILSVRC/train/n02804123_3213.JPEG 175,0,298,497,0 57,35,155,450,0
ILSVRC/train/n02804123_3287.JPEG 0,53,499,374,0
ILSVRC/train/n02804123_3291.JPEG 23,1,499,321,0
ILSVRC/train/n02804123_3300.JPEG 15,8,273,483,0
ILSVRC/train/n02804123_3309.JPEG 1,19,499,374,0
ILSVRC/train/n02804123_3328.JPEG 12,0,470,498,0
ILSVRC/train/n02804123_3338.JPEG 25,20,241,463,0
ILSVRC/train/n02804123_3395.JPEG 23,0,287,483,0
ILSVRC/train/n02804123_34.JPEG 0,0,499,329,0
ILSVRC/train/n02804123_340.JPEG 38,0,317,455,0
ILSVRC/train/n02804123_3404.JPEG 61,5,476,316,0
ILSVRC/train/n02804123_3419.JPEG 93,100,289,498,0
ILSVRC/train/n02804123_3434.JPEG 22,12,483,369,0
ILSVRC/train/n02804123_3442.JPEG 62,35,460,364,0
ILSVRC/train/n02804123_3449.JPEG 231,33,366,462,0
ILSVRC/train/n02804123_3461.JPEG 24,3,497,305,0
ILSVRC/train/n02804123_3463.JPEG 42,0,383,492,0
ILSVRC/train/n02804123_3481.JPEG 56,0,373,498,0
ILSVRC/train/n02804123_3536.JPEG 0,94,499,374,0
ILSVRC/train/n02804123_3537.JPEG 91,35,258,453,0
ILSVRC/train/n02804123_3589.JPEG 93,135,398,324,0
ILSVRC/train/n02804123_3612.JPEG 53,110,330,337,0
ILSVRC/train/n02804123_3614.JPEG 51,96,398,321,0
ILSVRC/train/n02804123_3637.JPEG 10,21,360,441,0
ILSVRC/train/n02804123_3641.JPEG 13,8,303,488,0
ILSVRC/train/n02804123_3647.JPEG 100,16,388,344,0
ILSVRC/train/n02804123_3775.JPEG 115,157,499,374,0
ILSVRC/train/n02804123_378.JPEG 41,202,326,291,0
ILSVRC/train/n02804123_3780.JPEG 57,1,316,498,0
ILSVRC/train/n02804123_3824.JPEG 35,60,449,498,0
ILSVRC/train/n02804123_3852.JPEG 1,0,176,498,0
ILSVRC/train/n02804123_3873.JPEG 116,203,346,406,0
ILSVRC/train/n02804123_3893.JPEG 67,40,350,498,0
ILSVRC/train/n02804123_3903.JPEG 18,93,332,303,0
ILSVRC/train/n02804123_3929.JPEG 78,86,491,395,0
ILSVRC/train/n02804123_3939.JPEG 0,0,495,343,0
ILSVRC/train/n02804123_3947.JPEG 13,43,499,355,0
ILSVRC/train/n02804123_3965.JPEG 65,20,311,498,0
ILSVRC/train/n02804123_3970.JPEG 114,171,494,330,0
ILSVRC/train/n02804123_3986.JPEG 123,0,387,374,0
ILSVRC/train/n02804123_400.JPEG 143,148,404,326,0
ILSVRC/train/n02804123_4014.JPEG 25,1,310,451,0
ILSVRC/train/n02804123_4015.JPEG 182,131,256,381,0
ILSVRC/train/n02804123_4016.JPEG 75,135,431,307,0
ILSVRC/train/n02804123_4071.JPEG 11,0,333,347,0
ILSVRC/train/n02804123_4079.JPEG 2,13,488,342,0
ILSVRC/train/n02804123_4090.JPEG 29,139,497,298,0
ILSVRC/train/n02804123_4093.JPEG 27,159,407,495,0
ILSVRC/train/n02804123_4100.JPEG 0,0,398,360,0
ILSVRC/train/n02804123_4103.JPEG 1,24,499,332,0
ILSVRC/train/n02804123_4127.JPEG 115,91,252,295,0
ILSVRC/train/n02804123_4148.JPEG 0,6,331,492,0
ILSVRC/train/n02804123_4158.JPEG 60,16,257,498,0
ILSVRC/train/n02804123_4167.JPEG 25,23,473,340,0
ILSVRC/train/n02804123_4181.JPEG 80,138,456,333,0
ILSVRC/train/n02804123_4244.JPEG 53,2,476,337,0
ILSVRC/train/n02804123_4262.JPEG 157,169,385,337,0
ILSVRC/train/n02804123_4269.JPEG 0,0,328,498,0
ILSVRC/train/n02804123_4297.JPEG 53,198,303,425,0
ILSVRC/train/n02804123_4342.JPEG 25,57,222,497,0
ILSVRC/train/n02804123_4346.JPEG 82,250,346,498,0
ILSVRC/train/n02804123_4407.JPEG 93,76,397,409,0
ILSVRC/train/n02804123_4653.JPEG 76,166,225,302,0
ILSVRC/train/n02804123_4690.JPEG 86,78,274,498,0
ILSVRC/train/n02804123_4702.JPEG 0,45,499,341,0
ILSVRC/train/n02804123_4794.JPEG 10,1,387,476,0
ILSVRC/train/n02804123_4836.JPEG 135,0,351,330,0
ILSVRC/train/n02804123_4889.JPEG 82,46,275,445,0
ILSVRC/train/n02804123_4890.JPEG 0,46,498,432,0
ILSVRC/train/n02804123_4896.JPEG 98,26,233,476,0
ILSVRC/train/n02804123_4931.JPEG 1,17,499,374,0
ILSVRC/train/n02804123_494.JPEG 1,0,499,333,0
ILSVRC/train/n02804123_4963.JPEG 66,76,365,498,0
ILSVRC/train/n02804123_4968.JPEG 144,148,427,346,0
ILSVRC/train/n02804123_4983.JPEG 132,0,499,332,0
ILSVRC/train/n02804123_4985.JPEG 1,66,373,498,0 1,2,81,80,0
ILSVRC/train/n02804123_5.JPEG 41,1,358,498,0
ILSVRC/train/n02804123_5070.JPEG 1,1,489,332,0
ILSVRC/train/n02804123_5123.JPEG 18,18,155,485,0
ILSVRC/train/n02804123_5138.JPEG 157,11,295,446,0
ILSVRC/train/n02804123_5140.JPEG 0,1,274,229,0
ILSVRC/train/n02804123_5147.JPEG 51,153,288,433,0
ILSVRC/train/n02804123_5148.JPEG 1,249,330,472,0
ILSVRC/train/n02804123_5155.JPEG 34,116,192,181,0 351,179,423,324,0
ILSVRC/train/n02804123_5156.JPEG 87,0,424,388,0
ILSVRC/train/n02804123_5169.JPEG 31,103,473,234,0
ILSVRC/train/n02804123_5194.JPEG 62,231,301,338,0
ILSVRC/train/n02804123_5196.JPEG 60,2,253,393,0
ILSVRC/train/n02804123_5207.JPEG 80,29,279,326,0 258,177,448,259,0
ILSVRC/train/n02804123_5217.JPEG 0,0,199,140,0
ILSVRC/train/n02804123_5221.JPEG 0,1,331,498,0
ILSVRC/train/n02804123_5224.JPEG 2,37,499,330,0
ILSVRC/train/n02804123_5241.JPEG 78,2,276,438,0
ILSVRC/train/n02804123_525.JPEG 0,2,493,445,0
ILSVRC/train/n02804123_5252.JPEG 1,53,331,498,0
ILSVRC/train/n02804123_5256.JPEG 0,281,331,498,0
ILSVRC/train/n02804123_5264.JPEG 0,158,498,493,0
ILSVRC/train/n02804123_5268.JPEG 0,0,499,374,0
ILSVRC/train/n02804123_5272.JPEG 0,68,499,374,0
ILSVRC/train/n02804123_5278.JPEG 154,54,444,347,0
ILSVRC/train/n02804123_5282.JPEG 0,312,331,498,0
ILSVRC/train/n02804123_530.JPEG 0,1,479,302,0
ILSVRC/train/n02804123_5304.JPEG 201,178,463,324,0
ILSVRC/train/n02804123_5319.JPEG 42,203,372,382,0
ILSVRC/train/n02804123_5331.JPEG 0,0,498,374,0
ILSVRC/train/n02804123_5334.JPEG 2,224,498,488,0
ILSVRC/train/n02804123_5343.JPEG 14,0,495,357,0
ILSVRC/train/n02804123_5352.JPEG 43,22,202,463,0
ILSVRC/train/n02804123_5372.JPEG 119,140,367,237,0
ILSVRC/train/n02804123_5402.JPEG 352,28,446,334,0 204,31,306,318,0
ILSVRC/train/n02804123_5405.JPEG 1,31,499,335,0
ILSVRC/train/n02804123_541.JPEG 28,320,330,421,0
ILSVRC/train/n02804123_5411.JPEG 50,142,337,373,0 175,56,312,373,0
ILSVRC/train/n02804123_5414.JPEG 0,1,499,330,0
ILSVRC/train/n02804123_5416.JPEG 0,169,499,363,0
ILSVRC/train/n02804123_5430.JPEG 49,136,389,271,0
ILSVRC/train/n02804123_5432.JPEG 0,84,499,332,0
ILSVRC/train/n02804123_5442.JPEG 123,27,245,450,0
ILSVRC/train/n02804123_5446.JPEG 0,124,499,374,0
ILSVRC/train/n02804123_5491.JPEG 0,1,331,498,0
ILSVRC/train/n02804123_5510.JPEG 1,0,452,327,0
ILSVRC/train/n02804123_5519.JPEG 0,210,331,436,0
ILSVRC/train/n02804123_5524.JPEG 1,43,499,246,0
ILSVRC/train/n02804123_5533.JPEG 1,0,455,374,0
ILSVRC/train/n02804123_5560.JPEG 0,162,336,465,0
ILSVRC/train/n02804123_5573.JPEG 82,13,248,495,0
ILSVRC/train/n02804123_5574.JPEG 63,60,460,374,0
ILSVRC/train/n02804123_5578.JPEG 1,0,179,179,0
ILSVRC/train/n02804123_5598.JPEG 0,137,454,325,0
ILSVRC/train/n02804123_5619.JPEG 0,0,353,481,0
ILSVRC/train/n02804123_57.JPEG 127,1,332,498,0
ILSVRC/train/n02804123_572.JPEG 117,117,434,498,0
ILSVRC/train/n02804123_594.JPEG 145,26,280,455,0
ILSVRC/train/n02804123_624.JPEG 30,13,499,282,0
ILSVRC/train/n02804123_658.JPEG 146,1,227,498,0
ILSVRC/train/n02804123_6607.JPEG 0,23,470,374,0
ILSVRC/train/n02804123_6673.JPEG 107,18,267,495,0
ILSVRC/train/n02804123_676.JPEG 52,175,461,314,0
ILSVRC/train/n02804123_6806.JPEG 0,64,436,327,0
ILSVRC/train/n02804123_683.JPEG 0,32,499,374,0
ILSVRC/train/n02804123_699.JPEG 40,1,316,488,0
ILSVRC/train/n02804123_7053.JPEG 1,83,489,332,0
ILSVRC/train/n02804123_7071.JPEG 39,295,488,410,0
ILSVRC/train/n02804123_728.JPEG 93,106,331,305,0
ILSVRC/train/n02804123_794.JPEG 2,2,485,267,0
ILSVRC/train/n02804123_80.JPEG 44,50,499,266,0
ILSVRC/train/n02804123_811.JPEG 17,1,499,374,0
ILSVRC/train/n02804123_860.JPEG 0,1,499,332,0
ILSVRC/train/n02804123_863.JPEG 137,16,277,453,0
ILSVRC/train/n02804123_879.JPEG 49,39,471,353,0
ILSVRC/train/n02804123_949.JPEG 3,7,314,491,0
ILSVRC/train/n02804123_981.JPEG 118,22,321,342,0
ILSVRC/train/n02804123_987.JPEG 13,27,145,460,0
ILSVRC/train/n02804123_989.JPEG 1,126,371,437,0
ILSVRC/train/n02804123_998.JPEG 0,95,499,374,0
ILSVRC/train/n03272010_1.JPEG 190,1,448,281,0
ILSVRC/train/n03272010_10041.JPEG 96,151,459,366,0
ILSVRC/train/n03272010_10085.JPEG 125,72,496,276,0
ILSVRC/train/n03272010_1009.JPEG 9,10,169,393,0
ILSVRC/train/n03272010_10101.JPEG 80,35,330,456,0
ILSVRC/train/n03272010_10103.JPEG 63,87,340,328,0
ILSVRC/train/n03272010_10127.JPEG 8,50,330,423,0
ILSVRC/train/n03272010_10237.JPEG 103,33,246,412,0
ILSVRC/train/n03272010_10270.JPEG 114,154,453,355,0
ILSVRC/train/n03272010_10370.JPEG 103,8,491,406,0
ILSVRC/train/n03272010_10430.JPEG 78,114,457,352,0
ILSVRC/train/n03272010_10441.JPEG 126,40,247,440,0
ILSVRC/train/n03272010_10510.JPEG 3,22,477,319,0
ILSVRC/train/n03272010_10533.JPEG 110,45,225,390,0
ILSVRC/train/n03272010_10575.JPEG 30,147,490,487,0
ILSVRC/train/n03272010_1067.JPEG 0,5,319,239,0
ILSVRC/train/n03272010_10714.JPEG 71,296,362,473,0
ILSVRC/train/n03272010_10750.JPEG 62,33,318,461,0
ILSVRC/train/n03272010_1077.JPEG 0,0,248,243,0
ILSVRC/train/n03272010_10795.JPEG 71,70,333,467,0
ILSVRC/train/n03272010_10815.JPEG 23,53,483,336,0
ILSVRC/train/n03272010_10841.JPEG 1,3,376,310,0
ILSVRC/train/n03272010_10867.JPEG 101,68,373,460,0
ILSVRC/train/n03272010_1088.JPEG 2,37,247,200,0
ILSVRC/train/n03272010_1089.JPEG 13,9,229,231,0
ILSVRC/train/n03272010_10893.JPEG 45,216,248,347,0
ILSVRC/train/n03272010_10946.JPEG 60,17,246,478,0
ILSVRC/train/n03272010_1095.JPEG 1,0,199,193,0
ILSVRC/train/n03272010_10973.JPEG 7,1,298,372,0
ILSVRC/train/n03272010_10974.JPEG 91,73,444,293,0
ILSVRC/train/n03272010_11001.JPEG 12,220,324,440,0
ILSVRC/train/n03272010_11016.JPEG 1,0,499,374,0
ILSVRC/train/n03272010_11110.JPEG 2,111,499,263,0
ILSVRC/train/n03272010_11276.JPEG 0,179,498,374,0
ILSVRC/train/n03272010_11288.JPEG 328,1,498,497,0
ILSVRC/train/n03272010_11291.JPEG 1,63,499,332,0
ILSVRC/train/n03272010_11312.JPEG 0,0,164,498,0
ILSVRC/train/n03272010_11343.JPEG 0,35,499,373,0
ILSVRC/train/n03272010_11349.JPEG 205,4,438,331,0
ILSVRC/train/n03272010_11387.JPEG 0,105,331,493,0
ILSVRC/train/n03272010_11451.JPEG 0,0,499,332,0
ILSVRC/train/n03272010_11469.JPEG 150,93,315,485,0
ILSVRC/train/n03272010_11493.JPEG 56,1,472,449,0
ILSVRC/train/n03272010_11505.JPEG 155,63,340,298,0
ILSVRC/train/n03272010_11509.JPEG 241,80,408,280,0
ILSVRC/train/n03272010_11513.JPEG 0,0,499,374,0
ILSVRC/train/n03272010_11537.JPEG 61,221,457,374,0
ILSVRC/train/n03272010_11562.JPEG 93,168,398,284,0
ILSVRC/train/n03272010_11566.JPEG 92,219,278,301,0
ILSVRC/train/n03272010_11597.JPEG 137,160,441,497,0
ILSVRC/train/n03272010_11598.JPEG 56,0,495,369,0
ILSVRC/train/n03272010_116.JPEG 123,0,197,134,0 1,0,45,108,0 41,0,88,111,0 82,3,132,121,0
ILSVRC/train/n03272010_11622.JPEG 89,158,430,318,0
ILSVRC/train/n03272010_11628.JPEG 50,28,481,374,0
ILSVRC/train/n03272010_11646.JPEG 71,83,340,312,0
ILSVRC/train/n03272010_1165.JPEG 158,12,240,282,0 422,16,511,316,0 5,14,99,275,0 321,5,425,299,0 242,8,333,289,0 82,10,166,288,0
ILSVRC/train/n03272010_11669.JPEG 15,266,331,476,0
ILSVRC/train/n03272010_11675.JPEG 1,1,332,498,0
ILSVRC/train/n03272010_11684.JPEG 82,144,378,346,0
ILSVRC/train/n03272010_11699.JPEG 77,121,491,326,0
ILSVRC/train/n03272010_11702.JPEG 129,50,351,210,0
ILSVRC/train/n03272010_11740.JPEG 97,41,260,472,0
ILSVRC/train/n03272010_11757.JPEG 107,3,320,495,0
ILSVRC/train/n03272010_11764.JPEG 0,0,499,374,0
ILSVRC/train/n03272010_11777.JPEG 0,140,474,374,0
ILSVRC/train/n03272010_1180.JPEG 31,16,268,288,0
ILSVRC/train/n03272010_11809.JPEG 121,368,424,498,0
ILSVRC/train/n03272010_11853.JPEG 105,141,258,373,0
ILSVRC/train/n03272010_11857.JPEG 0,0,499,374,0
ILSVRC/train/n03272010_11877.JPEG 61,176,373,343,0
ILSVRC/train/n03272010_11896.JPEG 163,43,258,491,0
ILSVRC/train/n03272010_11910.JPEG 2,2,498,332,0
ILSVRC/train/n03272010_1203.JPEG 192,17,588,995,0
ILSVRC/train/n03272010_12150.JPEG 70,176,233,305,0
ILSVRC/train/n03272010_1221.JPEG 118,22,202,276,0
ILSVRC/train/n03272010_12468.JPEG 83,27,204,421,0
ILSVRC/train/n03272010_1303.JPEG 88,22,276,577,0
ILSVRC/train/n03272010_1337.JPEG 0,81,249,167,0
ILSVRC/train/n03272010_1345.JPEG 25,1,311,446,0
ILSVRC/train/n03272010_1351.JPEG 2,0,349,238,0
ILSVRC/train/n03272010_140.JPEG 2,2,1277,940,0
ILSVRC/train/n03272010_1411.JPEG 119,109,265,491,0
ILSVRC/train/n03272010_142.JPEG 43,0,140,99,0
ILSVRC/train/n03272010_143.JPEG 7,14,399,148,0
ILSVRC/train/n03272010_1445.JPEG 2,0,192,249,0
ILSVRC/train/n03272010_1449.JPEG 123,22,192,209,0
ILSVRC/train/n03272010_1462.JPEG 94,0,250,390,0
ILSVRC/train/n03272010_1464.JPEG 0,2,204,279,0
ILSVRC/train/n03272010_1492.JPEG 62,14,195,494,0
ILSVRC/train/n03272010_1512.JPEG 75,7,153,232,0
ILSVRC/train/n03272010_1532.JPEG 2,3,238,225,0
ILSVRC/train/n03272010_1582.JPEG 0,64,226,148,0 0,0,240,87,0
ILSVRC/train/n03272010_1623.JPEG 47,78,451,455,0
ILSVRC/train/n03272010_1643.JPEG 116,25,333,631,0
ILSVRC/train/n03272010_1653.JPEG 2,3,135,387,0
ILSVRC/train/n03272010_1657.JPEG 47,101,162,422,0
ILSVRC/train/n03272010_1669.JPEG 77,0,156,230,0
ILSVRC/train/n03272010_1708.JPEG 80,0,251,472,0
ILSVRC/train/n03272010_1710.JPEG 142,8,252,320,0 7,0,128,322,0
ILSVRC/train/n03272010_1742.JPEG 86,30,179,283,0 207,12,268,207,0
ILSVRC/train/n03272010_1746.JPEG 5,0,142,392,0 164,6,281,340,0
ILSVRC/train/n03272010_175.JPEG 24,0,499,332,0
ILSVRC/train/n03272010_1763.JPEG 0,0,431,374,0
ILSVRC/train/n03272010_1849.JPEG 85,11,165,238,0
ILSVRC/train/n03272010_1872.JPEG 0,54,423,370,0
ILSVRC/train/n03272010_1884.JPEG 36,21,221,577,0
ILSVRC/train/n03272010_1924.JPEG 30,93,747,526,0
ILSVRC/train/n03272010_1935.JPEG 4,3,248,246,0
ILSVRC/train/n03272010_1971.JPEG 9,9,282,368,0
ILSVRC/train/n03272010_201.JPEG 92,13,205,296,0
ILSVRC/train/n03272010_2020.JPEG 63,147,357,298,0
ILSVRC/train/n03272010_2025.JPEG 12,34,591,417,0
ILSVRC/train/n03272010_2058.JPEG 272,0,836,1576,0
ILSVRC/train/n03272010_2070.JPEG 33,7,479,319,0
ILSVRC/train/n03272010_2115.JPEG 80,4,157,232,0
ILSVRC/train/n03272010_2134.JPEG 1,6,998,344,0
ILSVRC/train/n03272010_2150.JPEG 0,27,499,374,0
ILSVRC/train/n03272010_2152.JPEG 18,50,249,195,0
ILSVRC/train/n03272010_2159.JPEG 8,2,255,358,0
ILSVRC/train/n03272010_2197.JPEG 172,1,282,336,0
ILSVRC/train/n03272010_2210.JPEG 176,0,414,398,0
ILSVRC/train/n03272010_2232.JPEG 35,9,214,508,0
ILSVRC/train/n03272010_2239.JPEG 12,57,246,552,0
ILSVRC/train/n03272010_2246.JPEG 13,95,559,534,0
ILSVRC/train/n03272010_2247.JPEG 34,0,66,99,0
ILSVRC/train/n03272010_2269.JPEG 0,93,289,199,0
ILSVRC/train/n03272010_2297.JPEG 25,34,430,168,0
ILSVRC/train/n03272010_2322.JPEG 0,5,497,286,0
ILSVRC/train/n03272010_2330.JPEG 70,17,240,517,0
ILSVRC/train/n03272010_2339.JPEG 0,0,140,299,0
ILSVRC/train/n03272010_2376.JPEG 3,12,134,194,0 53,0,166,200,0
ILSVRC/train/n03272010_2387.JPEG 25,24,336,291,0
ILSVRC/train/n03272010_2389.JPEG 0,10,498,498,0
ILSVRC/train/n03272010_2411.JPEG 21,10,1392,458,0
ILSVRC/train/n03272010_2420.JPEG 5,7,253,764,0 294,0,778,743,0
ILSVRC/train/n03272010_2438.JPEG 0,22,378,548,0
ILSVRC/train/n03272010_2443.JPEG 0,0,144,144,0
ILSVRC/train/n03272010_2467.JPEG 0,0,312,857,0 361,585,529,823,0
ILSVRC/train/n03272010_2475.JPEG 78,0,285,510,0
ILSVRC/train/n03272010_2481.JPEG 21,14,599,332,0
ILSVRC/train/n03272010_2530.JPEG 6,2,298,296,0
ILSVRC/train/n03272010_2539.JPEG 111,196,317,338,0
ILSVRC/train/n03272010_2551.JPEG 20,9,133,351,0
ILSVRC/train/n03272010_2567.JPEG 204,113,381,499,0
ILSVRC/train/n03272010_2583.JPEG 15,2,165,427,0
ILSVRC/train/n03272010_263.JPEG 120,2,180,194,0
ILSVRC/train/n03272010_2842.JPEG 40,4,111,209,0
ILSVRC/train/n03272010_2880.JPEG 98,0,258,249,0
ILSVRC/train/n03272010_2919.JPEG 18,0,223,249,0
ILSVRC/train/n03272010_2925.JPEG 1,1,267,239,0
ILSVRC/train/n03272010_2955.JPEG 170,21,326,466,0
ILSVRC/train/n03272010_3036.JPEG 2,2,319,187,0
ILSVRC/train/n03272010_314.JPEG 71,2,132,197,0
ILSVRC/train/n03272010_3201.JPEG 0,13,438,442,0
ILSVRC/train/n03272010_3227.JPEG 489,20,988,1346,0
ILSVRC/train/n03272010_3235.JPEG 11,15,563,1490,0
ILSVRC/train/n03272010_3239.JPEG 171,121,1333,1021,0
ILSVRC/train/n03272010_3247.JPEG 18,23,399,279,0
ILSVRC/train/n03272010_3276.JPEG 0,0,321,498,0
ILSVRC/train/n03272010_3280.JPEG 40,118,295,278,0
ILSVRC/train/n03272010_3313.JPEG 113,50,357,824,0
ILSVRC/train/n03272010_3346.JPEG 0,0,1438,845,0
ILSVRC/train/n03272010_3350.JPEG 3,0,247,249,0
ILSVRC/train/n03272010_3357.JPEG 132,0,267,399,0
ILSVRC/train/n03272010_3364.JPEG 66,3,125,175,0
ILSVRC/train/n03272010_3371.JPEG 52,7,360,272,0
ILSVRC/train/n03272010_3393.JPEG 11,24,469,173,0
ILSVRC/train/n03272010_3394.JPEG 42,0,351,287,0
ILSVRC/train/n03272010_3399.JPEG 30,3,116,145,0
ILSVRC/train/n03272010_34.JPEG 26,17,495,364,0
ILSVRC/train/n03272010_3400.JPEG 4,6,558,371,0
ILSVRC/train/n03272010_3403.JPEG 70,3,265,526,0
ILSVRC/train/n03272010_3407.JPEG 18,132,224,221,0 20,47,227,116,0 21,94,222,159,0
ILSVRC/train/n03272010_3414.JPEG 5,5,368,1136,0
ILSVRC/train/n03272010_3419.JPEG 31,199,259,311,0
ILSVRC/train/n03272010_347.JPEG 150,52,336,612,0
ILSVRC/train/n03272010_3471.JPEG 12,4,306,768,0
ILSVRC/train/n03272010_3474.JPEG 0,6,218,149,0
ILSVRC/train/n03272010_3521.JPEG 6,4,249,190,0
ILSVRC/train/n03272010_3546.JPEG 0,1,197,199,0
ILSVRC/train/n03272010_3600.JPEG 49,8,250,609,0
ILSVRC/train/n03272010_364.JPEG 0,25,497,201,0 122,129,462,346,0
ILSVRC/train/n03272010_3650.JPEG 100,72,500,306,0
ILSVRC/train/n03272010_3669.JPEG 0,11,1022,720,0
ILSVRC/train/n03272010_3699.JPEG 34,1,309,434,0
ILSVRC/train/n03272010_3710.JPEG 0,0,405,1246,0
ILSVRC/train/n03272010_3718.JPEG 0,78,249,170,0
ILSVRC/train/n03272010_3726.JPEG 22,18,633,1504,0
ILSVRC/train/n03272010_3732.JPEG 11,0,338,465,0
ILSVRC/train/n03272010_3752.JPEG 9,22,445,566,0
ILSVRC/train/n03272010_3769.JPEG 166,0,221,145,0
ILSVRC/train/n03272010_3770.JPEG 34,17,179,298,0
ILSVRC/train/n03272010_3776.JPEG 9,34,97,252,0
ILSVRC/train/n03272010_3793.JPEG 5,9,83,240,0
ILSVRC/train/n03272010_3811.JPEG 0,0,295,370,0
ILSVRC/train/n03272010_3859.JPEG 0,0,430,1396,0
ILSVRC/train/n03272010_3868.JPEG 12,1,239,249,0
ILSVRC/train/n03272010_3890.JPEG 0,0,249,188,0
ILSVRC/train/n03272010_3896.JPEG 157,20,250,314,0
ILSVRC/train/n03272010_3918.JPEG 0,200,448,549,0
ILSVRC/train/n03272010_392.JPEG 190,35,333,485,0
ILSVRC/train/n03272010_3929.JPEG 106,24,289,588,0
ILSVRC/train/n03272010_3975.JPEG 14,25,278,227,0
ILSVRC/train/n03272010_3981.JPEG 1,8,199,170,0
ILSVRC/train/n03272010_3984.JPEG 78,37,418,176,0
ILSVRC/train/n03272010_3989.JPEG 15,21,126,297,0
ILSVRC/train/n03272010_4016.JPEG 129,10,332,578,0
ILSVRC/train/n03272010_4019.JPEG 10,47,239,208,0
ILSVRC/train/n03272010_4060.JPEG 16,25,771,275,0
ILSVRC/train/n03272010_4062.JPEG 6,10,145,406,0
ILSVRC/train/n03272010_4093.JPEG 24,31,808,555,0
ILSVRC/train/n03272010_4105.JPEG 1,2,249,247,0
ILSVRC/train/n03272010_4125.JPEG 11,44,241,232,0
ILSVRC/train/n03272010_4132.JPEG 85,7,158,227,0
ILSVRC/train/n03272010_4135.JPEG 55,4,158,284,0
ILSVRC/train/n03272010_4160.JPEG 240,86,375,507,0 477,177,617,599,0 14,13,165,453,0
ILSVRC/train/n03272010_4199.JPEG 270,32,335,247,0
ILSVRC/train/n03272010_4222.JPEG 50,37,348,952,0
ILSVRC/train/n03272010_4255.JPEG 20,116,249,358,0
ILSVRC/train/n03272010_4319.JPEG 6,6,170,425,0
ILSVRC/train/n03272010_4336.JPEG 4,9,397,329,0
ILSVRC/train/n03272010_4340.JPEG 89,15,258,523,0
ILSVRC/train/n03272010_4361.JPEG 78,35,329,643,0
ILSVRC/train/n03272010_4370.JPEG 3,20,307,239,0
ILSVRC/train/n03272010_4382.JPEG 14,16,459,324,0
ILSVRC/train/n03272010_4399.JPEG 17,59,374,1126,0 404,62,770,1132,0
ILSVRC/train/n03272010_4432.JPEG 8,4,200,146,0
ILSVRC/train/n03272010_4447.JPEG 44,3,116,219,0
ILSVRC/train/n03272010_4457.JPEG 7,0,246,249,0
ILSVRC/train/n03272010_446.JPEG 3,0,468,1379,0
ILSVRC/train/n03272010_447.JPEG 54,9,336,598,0
ILSVRC/train/n03272010_4487.JPEG 0,111,742,579,0
ILSVRC/train/n03272010_449.JPEG 4,122,242,212,0 2,42,245,130,0
ILSVRC/train/n03272010_4543.JPEG 0,1,249,249,0
ILSVRC/train/n03272010_4547.JPEG 21,51,229,212,0
ILSVRC/train/n03272010_4572.JPEG 1,0,394,176,0
ILSVRC/train/n03272010_4573.JPEG 11,31,110,70,0
ILSVRC/train/n03272010_4598.JPEG 3,7,260,97,0
ILSVRC/train/n03272010_46.JPEG 82,5,154,232,0
ILSVRC/train/n03272010_4606.JPEG 1,0,249,166,0
ILSVRC/train/n03272010_4616.JPEG 79,20,280,521,0
ILSVRC/train/n03272010_4633.JPEG 99,2,239,430,0
ILSVRC/train/n03272010_4638.JPEG 0,3,199,203,0
ILSVRC/train/n03272010_4669.JPEG 112,52,263,325,0
ILSVRC/train/n03272010_4681.JPEG 0,1,241,748,0
ILSVRC/train/n03272010_4684.JPEG 161,58,499,257,0
ILSVRC/train/n03272010_4712.JPEG 1,123,595,327,0
ILSVRC/train/n03272010_472.JPEG 147,17,281,424,0
ILSVRC/train/n03272010_4721.JPEG 0,0,998,515,0
ILSVRC/train/n03272010_474.JPEG 159,15,371,577,0
ILSVRC/train/n03272010_4745.JPEG 90,209,328,326,0
ILSVRC/train/n03272010_4748.JPEG 0,1,249,249,0
ILSVRC/train/n03272010_4751.JPEG 35,50,505,1521,0
ILSVRC/train/n03272010_4800.JPEG 36,0,442,374,0
ILSVRC/train/n03272010_4821.JPEG 1,9,491,327,0
ILSVRC/train/n03272010_4826.JPEG 131,10,225,248,0
ILSVRC/train/n03272010_4864.JPEG 10,5,348,158,0
ILSVRC/train/n03272010_4901.JPEG 22,19,249,183,0
ILSVRC/train/n03272010_4914.JPEG 24,7,251,705,0
ILSVRC/train/n03272010_4939.JPEG 19,1,328,591,0
ILSVRC/train/n03272010_4961.JPEG 0,0,499,152,0
ILSVRC/train/n03272010_4966.JPEG 28,6,236,580,0
ILSVRC/train/n03272010_4983.JPEG 87,9,164,242,0
ILSVRC/train/n03272010_5013.JPEG 290,9,368,247,0 193,8,273,245,0 6,4,87,247,0 95,6,176,244,0
ILSVRC/train/n03272010_5019.JPEG 26,0,479,359,0
ILSVRC/train/n03272010_5026.JPEG 8,16,377,394,0
ILSVRC/train/n03272010_51.JPEG 10,6,268,819,0
ILSVRC/train/n03272010_5103.JPEG 9,2,318,459,0
ILSVRC/train/n03272010_5207.JPEG 196,7,401,524,0
ILSVRC/train/n03272010_526.JPEG 8,8,399,290,0
ILSVRC/train/n03272010_5263.JPEG 0,0,364,273,0
ILSVRC/train/n03272010_5319.JPEG 18,19,703,693,0
ILSVRC/train/n03272010_5354.JPEG 0,32,332,235,0
ILSVRC/train/n03272010_5361.JPEG 30,16,419,1084,0
ILSVRC/train/n03272010_5362.JPEG 11,20,350,482,0
ILSVRC/train/n03272010_5381.JPEG 6,4,292,282,0
ILSVRC/train/n03272010_540.JPEG 83,0,169,265,0
ILSVRC/train/n03272010_5407.JPEG 33,274,303,461,0
ILSVRC/train/n03272010_5409.JPEG 12,102,330,472,0
ILSVRC/train/n03272010_5412.JPEG 6,11,339,498,0
ILSVRC/train/n03272010_5427.JPEG 49,65,466,358,0
ILSVRC/train/n03272010_544.JPEG 8,0,535,318,0
ILSVRC/train/n03272010_5445.JPEG 176,163,366,262,0
ILSVRC/train/n03272010_5483.JPEG 111,17,268,476,0
ILSVRC/train/n03272010_5484.JPEG 2,0,477,374,0
ILSVRC/train/n03272010_5510.JPEG 47,65,362,238,0
ILSVRC/train/n03272010_5514.JPEG 0,0,499,374,0
ILSVRC/train/n03272010_5529.JPEG 25,1,325,447,0
ILSVRC/train/n03272010_5569.JPEG 48,121,373,368,0
ILSVRC/train/n03272010_5578.JPEG 31,22,175,476,0
ILSVRC/train/n03272010_5594.JPEG 1,2,331,498,0
ILSVRC/train/n03272010_5621.JPEG 47,210,290,314,0 430,179,499,286,0
ILSVRC/train/n03272010_5628.JPEG 11,13,488,483,0
ILSVRC/train/n03272010_5637.JPEG 0,0,329,498,0
ILSVRC/train/n03272010_5647.JPEG 50,128,215,247,0 470,157,499,333,0 268,109,482,217,0
ILSVRC/train/n03272010_5657.JPEG 0,0,172,498,0
ILSVRC/train/n03272010_5669.JPEG 22,215,326,498,0
ILSVRC/train/n03272010_5670.JPEG 0,3,499,342,0
ILSVRC/train/n03272010_5681.JPEG 0,0,499,332,0
ILSVRC/train/n03272010_5684.JPEG 148,218,485,351,0
ILSVRC/train/n03272010_5692.JPEG 0,1,318,498,0
ILSVRC/train/n03272010_575.JPEG 49,28,223,572,0
ILSVRC/train/n03272010_5759.JPEG 2,131,302,442,0
ILSVRC/train/n03272010_5809.JPEG 5,24,499,347,0
ILSVRC/train/n03272010_5825.JPEG 21,28,307,483,0
ILSVRC/train/n03272010_5833.JPEG 10,0,327,448,0 338,1,498,245,0 336,251,498,477,0
ILSVRC/train/n03272010_587.JPEG 42,0,107,199,0
ILSVRC/train/n03272010_588.JPEG 0,0,317,498,0
ILSVRC/train/n03272010_5932.JPEG 55,115,155,402,0 202,91,285,392,0
ILSVRC/train/n03272010_6010.JPEG 72,189,271,312,0
ILSVRC/train/n03272010_6013.JPEG 155,272,333,377,0
ILSVRC/train/n03272010_605.JPEG 157,25,309,336,0
ILSVRC/train/n03272010_6051.JPEG 63,0,260,498,0
ILSVRC/train/n03272010_607.JPEG 76,0,173,249,0
ILSVRC/train/n03272010_6092.JPEG 68,203,347,447,0
ILSVRC/train/n03272010_6125.JPEG 77,137,251,273,0
ILSVRC/train/n03272010_613.JPEG 5,17,391,235,0
ILSVRC/train/n03272010_6177.JPEG 11,24,489,330,0
ILSVRC/train/n03272010_626.JPEG 2,0,262,323,0
ILSVRC/train/n03272010_6280.JPEG 263,76,412,178,0
ILSVRC/train/n03272010_6291.JPEG 125,60,267,435,0
ILSVRC/train/n03272010_6292.JPEG 266,125,429,275,0
ILSVRC/train/n03272010_6301.JPEG 172,95,397,189,0
ILSVRC/train/n03272010_6307.JPEG 192,37,315,343,0
ILSVRC/train/n03272010_6356.JPEG 1,31,474,344,0
ILSVRC/train/n03272010_636.JPEG 144,4,240,297,0
ILSVRC/train/n03272010_6370.JPEG 385,216,486,336,0
ILSVRC/train/n03272010_6374.JPEG 56,0,499,332,0
ILSVRC/train/n03272010_6392.JPEG 6,0,335,498,0
ILSVRC/train/n03272010_6406.JPEG 103,8,240,437,0
ILSVRC/train/n03272010_6436.JPEG 8,3,468,487,0
ILSVRC/train/n03272010_6456.JPEG 1,10,399,299,0
ILSVRC/train/n03272010_6459.JPEG 0,0,373,498,0
ILSVRC/train/n03272010_649.JPEG 53,118,459,265,0
ILSVRC/train/n03272010_6513.JPEG 0,18,475,332,0
ILSVRC/train/n03272010_6517.JPEG 3,2,497,164,0
ILSVRC/train/n03272010_652.JPEG 0,1,638,478,0
ILSVRC/train/n03272010_6542.JPEG 0,26,490,332,0
ILSVRC/train/n03272010_6547.JPEG 25,134,495,332,0
ILSVRC/train/n03272010_6561.JPEG 0,115,319,421,0
ILSVRC/train/n03272010_6576.JPEG 289,36,395,430,0
ILSVRC/train/n03272010_6585.JPEG 0,117,148,396,0 349,70,484,396,0 154,39,343,396,0
ILSVRC/train/n03272010_6586.JPEG 125,26,364,331,0
ILSVRC/train/n03272010_6591.JPEG 37,66,196,192,0
ILSVRC/train/n03272010_6592.JPEG 156,2,241,230,0 51,8,173,357,0
ILSVRC/train/n03272010_6596.JPEG 1,108,331,498,0
ILSVRC/train/n03272010_6606.JPEG 33,0,313,453,0
ILSVRC/train/n03272010_6618.JPEG 104,0,449,447,0
ILSVRC/train/n03272010_6650.JPEG 78,102,317,337,0
ILSVRC/train/n03272010_6652.JPEG 0,18,414,368,0
ILSVRC/train/n03272010_6662.JPEG 146,30,298,448,0
ILSVRC/train/n03272010_6663.JPEG 0,0,499,374,0
ILSVRC/train/n03272010_6675.JPEG 53,43,183,455,0
ILSVRC/train/n03272010_6678.JPEG 43,155,327,342,0
ILSVRC/train/n03272010_6701.JPEG 270,53,350,493,0
ILSVRC/train/n03272010_6707.JPEG 31,172,325,487,0
ILSVRC/train/n03272010_6711.JPEG 45,71,460,224,0
ILSVRC/train/n03272010_6715.JPEG 268,0,447,303,0 2,4,284,331,0
ILSVRC/train/n03272010_6724.JPEG 47,61,363,233,0
ILSVRC/train/n03272010_6737.JPEG 105,0,265,493,0
ILSVRC/train/n03272010_6744.JPEG 255,67,341,366,0
ILSVRC/train/n03272010_6746.JPEG 1,30,376,481,0
ILSVRC/train/n03272010_6751.JPEG 203,6,376,362,0
ILSVRC/train/n03272010_6753.JPEG 125,0,437,266,0
ILSVRC/train/n03272010_6757.JPEG 41,56,66,170,0 94,58,129,158,0 71,110,103,210,0
ILSVRC/train/n03272010_6758.JPEG 2,6,367,497,0
ILSVRC/train/n03272010_6806.JPEG 58,2,212,463,0
ILSVRC/train/n03272010_6809.JPEG 115,15,281,460,0
ILSVRC/train/n03272010_6810.JPEG 0,0,499,374,0
ILSVRC/train/n03272010_6816.JPEG 36,5,499,374,0
ILSVRC/train/n03272010_683.JPEG 381,0,1021,761,0
ILSVRC/train/n03272010_6835.JPEG 167,1,358,284,0
ILSVRC/train/n03272010_6853.JPEG 23,18,152,374,0 335,20,481,373,0 159,0,318,374,0 347,0,463,222,0
ILSVRC/train/n03272010_686.JPEG 1,0,362,366,0
ILSVRC/train/n03272010_6867.JPEG 123,16,281,497,0
ILSVRC/train/n03272010_687.JPEG 69,56,362,952,0
ILSVRC/train/n03272010_6881.JPEG 0,147,414,372,0
ILSVRC/train/n03272010_6897.JPEG 66,222,330,442,0
ILSVRC/train/n03272010_6926.JPEG 98,16,265,478,0
ILSVRC/train/n03272010_6954.JPEG 125,98,266,427,0
ILSVRC/train/n03272010_6958.JPEG 0,214,331,371,0
ILSVRC/train/n03272010_6985.JPEG 0,28,373,498,0
ILSVRC/train/n03272010_6988.JPEG 354,202,436,243,0
ILSVRC/train/n03272010_7000.JPEG 111,114,498,257,0
ILSVRC/train/n03272010_7007.JPEG 165,150,490,257,0
ILSVRC/train/n03272010_7015.JPEG 31,155,355,433,0
ILSVRC/train/n03272010_7092.JPEG 141,11,290,493,0
ILSVRC/train/n03272010_7101.JPEG 10,7,176,458,0
ILSVRC/train/n03272010_7157.JPEG 1,5,498,373,0
ILSVRC/train/n03272010_716.JPEG 334,7,655,735,0 0,7,321,733,0
ILSVRC/train/n03272010_7172.JPEG 43,78,331,400,0
ILSVRC/train/n03272010_7177.JPEG 0,0,401,498,0
ILSVRC/train/n03272010_7185.JPEG 1,0,498,498,0
ILSVRC/train/n03272010_7298.JPEG 0,5,423,498,0
ILSVRC/train/n03272010_7309.JPEG 152,112,374,290,0
ILSVRC/train/n03272010_7373.JPEG 20,127,497,357,0
ILSVRC/train/n03272010_7383.JPEG 72,185,470,351,0
ILSVRC/train/n03272010_7390.JPEG 21,166,330,401,0
ILSVRC/train/n03272010_7401.JPEG 169,0,395,373,0
ILSVRC/train/n03272010_741.JPEG 2,2,199,192,0
ILSVRC/train/n03272010_7490.JPEG 152,82,498,333,0
ILSVRC/train/n03272010_7568.JPEG 30,66,265,297,0
ILSVRC/train/n03272010_7578.JPEG 63,138,373,354,0
ILSVRC/train/n03272010_7585.JPEG 216,0,349,358,0
ILSVRC/train/n03272010_759.JPEG 14,15,164,478,0
ILSVRC/train/n03272010_76.JPEG 50,7,173,385,0
ILSVRC/train/n03272010_7635.JPEG 55,169,333,331,0
ILSVRC/train/n03272010_7637.JPEG 71,283,352,468,0
ILSVRC/train/n03272010_7676.JPEG 236,0,441,331,0
ILSVRC/train/n03272010_7729.JPEG 98,37,246,465,0
ILSVRC/train/n03272010_813.JPEG 2,3,370,143,0
ILSVRC/train/n03272010_835.JPEG 82,5,369,778,0
ILSVRC/train/n03272010_857.JPEG 34,27,518,1515,0
ILSVRC/train/n03272010_867.JPEG 52,1,424,620,0
ILSVRC/train/n03272010_88.JPEG 0,3,133,211,0
ILSVRC/train/n03272010_926.JPEG 22,2,463,498,0
ILSVRC/train/n03272010_9557.JPEG 51,23,350,473,0
ILSVRC/train/n03272010_9569.JPEG 0,158,475,374,0
ILSVRC/train/n03272010_960.JPEG 73,0,164,247,0
ILSVRC/train/n03272010_9617.JPEG 0,3,499,327,0
ILSVRC/train/n03272010_9636.JPEG 44,154,407,331,0 242,97,482,353,0
ILSVRC/train/n03272010_9637.JPEG 1,2,499,374,0
ILSVRC/train/n03272010_9697.JPEG 182,2,499,253,0
ILSVRC/train/n03272010_97.JPEG 0,84,774,583,0
ILSVRC/train/n03272010_9743.JPEG 12,55,155,496,0
ILSVRC/train/n03272010_9778.JPEG 101,5,263,467,0
ILSVRC/train/n03272010_9858.JPEG 96,1,241,452,0
ILSVRC/train/n03272010_9868.JPEG 79,137,497,329,0
ILSVRC/train/n03272010_9878.JPEG 31,73,283,497,0
ILSVRC/train/n03272010_988.JPEG 10,2,524,796,0
ILSVRC/train/n03272010_9899.JPEG 147,12,290,483,0
ILSVRC/train/n03272010_99.JPEG 116,14,260,465,0
ILSVRC/train/n03272010_9921.JPEG 1,0,373,498,0
